.bazelrc
  h_15da545fc8cfbe 4-10
Justfile
  h_15da545fc8cfbe 6-10,30,34,38,42
MODULE.bazel
  h_15da545fc8cfbe 59-63,66
MODULE.bazel.lock
  h_15da545fc8cfbe 298,695,705,712,719,726,733,748,838,924,1008,1090,1162,1232,1264,1294,1316,1346,1368,1400,1432,1464,1500,1522,1556,1588,1620,1652,1684,1710,1732,1754,1776,1816,1854,1892,1924,2000,2044,2076,2122,2210,2252,2274,2312,2344,2376,2408,2468,2502,2544,2586,2622,2672,2706,2798,2836,2870,2902,2936,3020,3098,3174,3222,3254,3288,3320,3356,3388,3410,3432,3472,3504,3538,3570,3602,3624,3678,3728,3760,3798,3830,3916,3948,3986,4022,4056,4088,4120,4170,4218,4254,4288,4320,4354,4406,4456,4488,4520,4554,4586,4620,4656,4688,4730,4764,4806,4838,4874,4906,4962,5014,5046,5082,5202,5296,5350,5398,5430,5462,5504,5544,5566,5600,5644,5692,5738,5774,5808,5830,5916,5970,6002,6034,6068,6100,6132,6164,6196,6228,6260,6294,6398,6496,6560,6650,6698,6806,6908,6960,7002,7024,7062,7094,7124,7146,7176,7198,7230,7262,7322,7356,7388,7430,7462,7504,7536,7572,7604,7654,7688,7780,7818,7852,7884,7918,8002,8080,8156,8204,8236,8270,8302,8338,8370,8392,8414,8454,8476,8508,8542,8574,8606,8628,8682,8732,8764,8796,8834,8866,8952,8984,9022,9058,9092,9124,9156,9206,9254,9290,9324,9356,9390,9442,9492,9524,9560,9592,9614,9646,9680,9712,9744,9778,9814,9846,9888,9922,9964,9996,10032,10064,10120,10172,10210,10248,10280,10316,10434,10526,10580,10628,10660,10692,10734,10774,10796,10830,10874,10922,10968,11004,11038,11060,11144,11196,11228,11262,11294,11326,11358,11390,11422,11454,11488,11590,11686,11748,11836,11884,11990,12090,12142,12190,12228,12250,12282,12322,12354,12374,12380,12383,12385-12387,12389,12392-12397,12400-12482,12487-12488,12492-12496,12499-12538,12543-12551,12553,12556,12562,12565,12567-12569,12571,12574-12606,12611,12614,12619,12621,12624,12630,12633,12635-12637,12639,12642-15459,15463-15464,15467,15472-15474,15478-15479,15481,15484,15490,15493,15495-15497,15499,15505,15511,15513,15516,15522,15525,15527-15529,15531,15534,15538,15541,15545,15547,15550,15556,15559,15561-15563,15565,15579,15582,15588,15591,15593-15595,15597,15600-15601,15605-15611,15614-15615,15619-15625,15627,15630,15636,15639,15641-15643,15645,15651,15657,15659,15662,15668,15671,15673-15675,15677,15680-15683,15686-15689,15691,15694,15700,15703,15705-15707,15709,15711-15821,15824,15830,15833,15835-15851,15853,15856,15862,15865,15867-15869,15871,15877,15883,15885,15888,15894,15897,15899-15901,15903,15906-15907,15910,15913-15914,15917,15919,15922,15928,15931,15933-15935,15937,15945-15952,15960-15967,15969,15972,15978,15981,15983-15985,15987,15990,15997,16003,16006,16012,16015,16017-16019,16021,16024,16028,16031,16035,16037,16040,16046,16049,16051-16053,16055,16061,16067,16069,16072,16078,16081,16083-16085,16087,16090-16091,16096-16098,16101-16102,16107-16109,16111,16114,16120,16123,16125-16127,16129,16133,16136,16142,16145,16147-16149,16151,16154,16161,16167,16170,16176,16179,16181-16183,16185-16207,16210,16221,16231,16234,16240,16243,16245-16247,16249,16252-16253,16257-16259,16262-16263,16267-16269,16271,16274,16280,16283,16285-16287,16289,16292,16299,16305,16320,16364,16831-16846
---
{
  "schema_version": "authorship/3.0.0",
  "git_ai_version": "1.7.4",
  "base_commit_sha": "2ab2185db615c3f09d94f8cb0d93a0cc9a2dbbe0",
  "prompts": {},
  "humans": {
    "h_15da545fc8cfbe": {
      "author": "Naadir Jeewa <naadir@randomvariable.co.uk>"
    }
  }
}